chr2L 59117 90637 0.892156862745098
chr2L 307840 394800 0.946058091286307
chr2L 611133 803126 0.913705583756345
chr2L 906316 972000 0.726415094339623
chr2L 1514102 1604438 0.92142857142857
chr2L 1720839 1953900 0.770360480640854
chr2L 2241307 2358001 0.784741144414169
chr2L 2389840 2561704 0.79964221824687
chr2L 2609402 2696414 0.888086642599278
chr2L 2786723 2855134 0.902222222222222
chr2L 3174029 3291300 0.928358208955224
chr2L 3388216 3421511 0.779816513761468
chr2L 3540900 3603919 0.917073170731707
chr2L 3892233 4158600 0.75438596491228
chr2L 4205738 4324816 0.771794871794872
chr2L 4476901 4785021 0.906420021762786
chr2L 5110500 5267408 0.88981288981289
chr2L 5330413 5508915 0.751304347826087
chr2L 5827227 5905826 0.876106194690266
chr2L 6742821 6772813 0.787878787878788
chr2L 7079107 7151415 0.831168831168831
chr2L 7311021 7386303 0.94170403587444
chr2L 7453834 7483502 0.804123711340206
chr2L 7557300 7765801 0.912663755458515
chr2L 8748003 8942139 0.893987341772152
chr2L 9280819 9372938 0.891089108910891
chr2L 9503700 9554419 0.858895705521472
chr2L 9800736 9848125 0.880794701986755
chr2L 10005933 10191000 0.803220035778175
chr2L 10536928 10714202 0.804701627486438
chr2L 10871101 10943722 0.832558139534884
chr2L 11298326 11424340 0.853233830845771
chr2L 11526636 11793900 0.909313725490196
chr2L 11835614 11983522 0.783333333333333
chr2L 12113700 12205200 0.823333333333333
chr2L 12261903 12421233 0.80078125
chr2L 12730201 12970509 0.799414348462665
chr2L 13083339 13146602 0.76328502415459
chr2L 13421720 13489200 0.803108808290155
chr2L 13515601 13533301 0.977064220183486
chr2L 13595401 13602201 0.870588235294118
chr2L 13664201 13673501 0.934959349593496
chr2L 13692201 13765401 0.894519131334023
chr2L 13801401 13808901 0.727272727272727
chr2L 13842101 13876601 0.972027972027972
chr2L 13912101 14004901 0.922141119221411
chr2L 14069401 14153121 0.852119026149684
chr2L 14160701 14244900 0.952380952380952
chr2L 14254201 14342901 0.965224766751484
chr2L 14365301 14391301 0.866279069767442
chr2L 14414501 14474201 0.897567221510884
chr2L 14479901 14487300 0.845360824742268
chr2L 14494801 14687112 0.928902627511592
chr2L 14724300 14994192 0.838748495788207
chr2L 15070407 15108475 0.82258064516129
chr2L 15128271 15246474 0.924675324675325
chr2L 15280411 15482875 0.984496124031008
chr2L 15517086 15713597 0.87052810902896
chr2L 15800005 16237976 0.925601750547046
chr2L 16438707 16481283 0.884892086330935
chr2L 16751571 16799284 0.870967741935484
chr2L 17123271 17360304 0.926694329183956
chr2L 17505790 18113273 0.84177545691906
chr2L 18167587 18433998 0.869615832363213
chr2L 18467308 18541071 0.838174273858921
chr2L 18711783 18770595 0.788359788359788
chr2L 19194171 19342973 0.875255623721881
chr2L 19601571 19732071 0.887147335423197
chr2L 19826876 19880297 0.843023255813954
chr2L 19963388 20052473 0.912727272727273
chr2L 20299607 20337430 0.848484848484849
chr2L 20467609 20639214 0.906191369606004
chr2L 20812338 20887943 0.862348178137652
chr2L 20928428 21092234 0.88655462184874
chr2L 21183747 21213715 0.936842105263158
chr2L 21265614 21394644 0.822281167108753
chr2L 21705247 21741540 0.707547169811321
chr2R 1656956 1852817 0.939495798319328
chr2R 1930846 1960228 0.865979381443299
chr2R 2061623 2093744 0.904761904761905
chr2R 2172619 2495510 0.782462057335582
chr2R 2657229 2753515 0.819620253164557
chr2R 2957244 3107522 0.93141592920354
chr2R 3171150 3268649 0.809968847352025
chr2R 4147910 4258610 0.789772727272727
chr2R 4331210 4443735 0.915966386554622
chr2R 4576610 4602736 0.870588235294118
chr2R 4710723 4741021 0.737373737373737
chr2R 5101341 5131348 0.888888888888889
chr2R 5224932 5268717 0.911504424778761
chr2R 5339812 5395347 0.783216783216783
chr2R 5640711 5687810 0.777777777777778
chr2R 6049319 6098211 0.870229007633588
chr2R 6130911 6301010 0.810810810810811
chr2R 6525834 6614027 0.762264150943396
chr2R 6802443 6956616 0.799522673031026
chr2R 7121916 7151930 0.737373737373737
chr2R 7198721 7236232 0.840336134453782
chr2R 7270749 7321729 0.836601307189543
chr2R 7365253 7463316 0.773993808049536
chr2R 7601651 7670655 0.86784140969163
chr2R 7800821 7839248 0.780487804878049
chr2R 8095436 8129946 0.82882882882883
chr2R 8168318 8201620 0.869158878504673
chr2R 8245116 8287126 0.942446043165468
chr2R 8419747 8450342 0.838383838383838
chr2R 9530020 9684517 0.7006237006237
chr2R 10552262 10595497 0.856115107913669
chr2R 10902369 10987271 0.777292576419214
chr2R 11134866 11175969 0.822222222222222
chr2R 11283393 11397960 0.804289544235925
chr2R 11576178 11735460 0.75095785440613
chr2R 12240061 12379894 0.731019522776573
chr2R 12487280 12655566 0.718464351005484
chr2R 12992470 13267900 0.850178359096314
chr2R 13815970 13967774 0.782340862422998
chr2R 14081479 14150760 0.822222222222222
chr2R 14448660 14499985 0.99145299145299
chr2R 14618464 14682382 0.717703349282297
chr2R 14750798 14853961 0.779816513761468
chr2R 14878260 14995560 0.858267716535433
chr2R 15217862 15248779 0.818181818181818
chr2R 15387096 16115495 0.86599357503442
chr2R 16223760 16431360 0.828125
chr2R 16568499 16702968 0.912144702842377
chr2R 16733557 16753638 0.984615384615385
chr2R 17248641 17364139 0.814323607427056
chr2R 17409763 17480276 0.752212389380531
chr2R 17623659 17938358 0.914521112255407
chr2R 18131839 18235341 0.87202380952381
chr2R 18315178 18368578 0.855491329479769
chr2R 18590538 18677845 0.893238434163701
chr2R 18704273 18737855 0.912621359223301
chr2R 18828777 18932549 0.85173501577287
chr2R 18968542 19233739 0.864211737629459
chr2R 19312654 19404771 0.898360655737705
chr2R 19469543 19559268 0.747404844290657
chr2R 19642960 19688859 0.94701986754967
chr2R 20094772 20276255 0.72972972972973
chr2R 20308038 20400461 0.931147540983607
chr2R 20506038 20543251 0.865979381443299
chr2R 20582838 20623662 0.813084112149533
chr2R 20678576 20755673 0.874509803921569
chr2R 20902938 21114739 0.931528662420382
chr3L 268475 537580 0.808092485549133
chr3L 765881 828268 0.896551724137931
chr3L 884672 1029571 0.912359550561798
chr3L 1065874 1291471 0.80354505169867
chr3L 1371873 1457675 0.937254901960784
chr3L 1673691 1770579 0.846394984326019
chr3L 1806268 1852794 0.899328859060403
chr3L 1884599 1929882 0.889655172413793
chr3L 1970069 2367902 0.90226739640344
chr3L 2432068 2577886 0.815730337078652
chr3L 2640285 2765387 0.946564885496183
chr3L 2875470 3031468 0.893939393939394
chr3L 3091208 3122997 0.872549019607843
chr3L 3241170 3311068 0.876651982378855
chr3L 3596373 3754193 0.93939393939394
chr3L 3840007 3888881 0.949685534591195
chr3L 4025397 4076075 0.778443113772455
chr3L 4434566 4541044 0.80428134556575
chr3L 4572227 4604019 0.81
chr3L 4643358 4778018 0.813483146067416
chr3L 4852119 5080133 0.930576070901034
chr3L 5198487 5340692 0.753950338600451
chr3L 5663205 5728004 0.71563981042654
chr3L 5959902 5990190 0.737373737373737
chr3L 6121587 6153376 0.737373737373737
chr3L 6210076 6477070 0.839735099337748
chr3L 6625268 6716506 0.779264214046823
chr3L 6791785 6870376 0.74688796680498
chr3L 7177303 7207866 0.841584158415842
chr3L 7250466 7297293 0.777777777777778
chr3L 7530666 7631205 0.926605504587156
chr3L 7651001 7762305 0.707903780068729
chr3L 7982766 8051487 0.761194029850746
chr3L 8717180 8797605 0.706827309236948
chr3L 8891481 8943066 0.904191616766467
chr3L 8999471 9033373 0.774774774774775
chr3L 9067586 9100002 0.822784810126582
chr3L 9198080 9304567 0.758620689655172
chr3L 9546672 9595605 0.914893617021277
chr3L 9623469 9667282 0.853146853146853
chr3L 9978970 10271166 0.895765472312704
chr3L 10324268 10498301 0.916817359855335
chr3L 10735593 10845072 0.76657060518732
chr3L 10896103 11055686 0.79383429672447
chr3L 11122581 11157393 0.893805309734513
chr3L 11293001 11326281 0.77319587628866
chr3L 11370669 11470287 0.880733944954128
chr3L 11837180 11979106 0.91762013729977
chr3L 12013896 12099406 0.848375451263538
chr3L 12154593 12183404 0.795698924731183
chr3L 12334871 12384967 0.881987577639752
chr3L 12654066 12681968 0.891304347826087
chr3L 12870993 12992790 0.765193370165746
chr3L 13043800 13425666 0.822489959839357
chr3L 13512672 13837283 0.80269989615784
chr3L 14065854 14544654 0.878405315614618
chr3L 14800873 14970093 0.936416184971098
chr3L 15164777 15480092 0.862879529872674
chr3L 15634577 15796255 0.936448598130841
chr3L 15845777 15946880 0.794019933554817
chr3L 16236055 16327294 0.851485148514851
chr3L 16416057 16459554 0.93939393939394
chr3L 16489559 16545994 0.840236686390533
chr3L 16716080 16761992 0.801324503311258
chr3L 16859456 16979172 0.783561643835616
chr3L 17138478 17217054 0.808764940239044
chr3L 17251254 17321794 0.882096069868996
chr3L 17352354 17393783 0.93233082706767
chr3L 17669757 17832092 0.746534653465347
chr3L 17870492 17896858 0.91764705882353
chr3L 18187562 18605463 0.93937068303914
chr3L 18683454 18720373 0.705263157894737
chr3L 18900961 18936968 0.899159663865546
chr3L 19101079 19221954 0.736986301369863
chr3L 19271158 19334473 0.883495145631068
chr3L 19365073 19407354 0.950819672131147
chr3L 19931991 19972794 0.862595419847328
chr3L 20027072 20094906 0.800904977375566
chr3L 20134472 20213697 0.74793388429752
chr3L 20246072 20279997 0.904761904761905
chr3L 20540972 20750111 0.889051094890511
chr3L 20889308 20988907 0.957446808510638
chr3L 21046187 21166804 0.838196286472148
chr3L 21637508 21809384 0.828153564899452
chr3L 21840307 21867573 0.733333333333333
chr3L 21948299 22050572 0.981981981981982
chr3L 22077011 22245880 0.776937618147448
chr3L 22359583 22705172 0.915809167446211
chr3L 22743273 22788598 0.968503937007874
chr3L 22895975 23034577 0.700239808153477
chr3R 313526 460231 1
chr3R 491709 556500 0.804878048780488
chr3R 663928 725131 0.845714285714286
chr3R 753300 1036240 0.814469078179697
chr3R 1232104 1265700 0.954128440366973
chr3R 1707603 1818311 0.879781420765027
chr3R 1856714 2150105 0.87748344370861
chr3R 2303140 2460901 0.904572564612326
chr3R 2512507 2585412 0.800865800865801
chr3R 2641840 2716507 0.76954732510288
chr3R 2830814 2860817 0.814432989690722
chr3R 3021309 3052517 0.811881188118812
chr3R 3083106 3282316 0.841940532081377
chr3R 3655801 3690605 1
chr3R 3758400 3795000 0.739495798319328
chr3R 3963301 4000501 0.743801652892562
chr3R 4202700 4300800 0.903114186851211
chr3R 4588210 4624800 0.925619834710744
chr3R 5256913 5312713 0.706214689265537
chr3R 5710513 5755511 0.8
chr3R 6283200 6342621 0.787564766839378
chr3R 6456611 6488715 0.745098039215686
chr3R 6545425 6584400 0.929133858267717
chr3R 7722639 7767639 0.786206896551724
chr3R 7962027 8036700 0.888888888888889
chr3R 8112300 8153132 0.82442748091603
chr3R 8337317 8431829 0.794788273615635
chr3R 8559000 8773506 0.850507982583454
chr3R 8921110 9071420 0.914346895074946
chr3R 9101416 9183013 0.772549019607843
chr3R 9814802 9841801 0.726190476190476
chr3R 9965128 10076732 0.859106529209622
chr3R 10240535 10292733 0.894736842105263
chr3R 10340400 10376122 0.947826086956522
chr3R 10404610 10470933 0.811926605504587
chr3R 10583428 10688704 0.839181286549708
chr3R 10745112 10788611 0.950354609929078
chr3R 11281201 11306138 0.881578947368421
chr3R 11328312 11482200 0.862144420131291
chr3R 11517032 11571334 0.879746835443038
chr3R 12341714 12372032 0.757575757575758
chr3R 12996915 13047301 0.903030303030303
chr3R 13077938 13186800 0.854700854700855
chr3R 13230912 13322434 0.78405315614618
chr3R 13386302 13423800 0.75
chr3R 13563935 13598705 0.882882882882883
chr3R 13850700 13935916 0.783673469387755
chr3R 14415025 14478327 0.896373056994819
chr3R 14604900 14727608 0.770780856423174
chr3R 14816720 14844312 0.772727272727273
chr3R 14881213 14915405 0.837837837837838
chr3R 15013201 15313218 0.859424920127795
chr3R 15483040 15660300 0.798130841121495
chr3R 15744300 15834300 0.869415807560137
chr3R 15894321 16053327 0.825263157894737
chr3R 16167620 16369807 0.819847328244275
chr3R 16510500 16540800 0.707070707070707
chr3R 17501709 17594701 0.982142857142857
chr3R 17731524 17823300 0.745762711864407
chr3R 17921133 18057009 0.874141876430206
chr3R 18637216 18819605 0.879931389365352
chr3R 19185600 19548600 0.893344709897611
chr3R 20785538 20834737 0.751552795031056
chr3R 21114929 21295518 0.712305025996534
chr3R 21351327 21439226 0.911660777385159
chr3R 21517232 21651027 0.85925925925926
chr3R 21720312 21800700 0.90188679245283
chr3R 21968700 22056633 0.855018587360595
chr3R 22094737 22269322 0.931608133086876
chr3R 22305300 22347604 0.906542056074766
chr3R 22396840 22519224 0.872773536895674
chr3R 22561531 22677314 0.931216931216931
chr3R 22707933 22770000 0.866336633663366
chr3R 22806900 22937423 0.873096446700508
chr3R 23004903 23049909 0.875862068965517
chr3R 23127314 23382932 0.871927554980595
chr3R 23547037 23723105 0.870259481037924
chr3R 23805900 24120600 0.896197327852004
chr3R 24177621 24363300 0.896551724137931
chr3R 24675936 24849018 0.801769911504425
chr3R 25084510 25298102 0.868306801736614
chr3R 25333506 25547736 0.714080459770115
chr3R 25702829 25749300 0.96638655462185
chr3R 25776001 25813806 0.73170731707317
chr3R 25921532 26086833 0.884972170686456
chr3R 26310300 26582100 0.885549132947977
chr3R 26651705 27027037 0.903574397339983
chr3R 27058202 27221433 0.859719438877755
chr3R 27290740 27392135 0.991097922848665
chr3R 27453302 27538540 0.815094339622642
chr4 237387 326476 0.957198443579767
chr4 395502 445316 0.96078431372549
chr4 719476 867114 0.89010989010989
chr4 1086112 1133476 0.973333333333333
chrX 41407 96785 1
chrX 177911 367518 0.99108734402852
chrX 399033 512412 0.821958456973294
chrX 552627 797722 0.836627140974967
chrX 841212 914449 0.839662447257384
chrX 952529 1103742 0.972043010752688
chrX 1145120 1233624 0.72945205479452
chrX 1293938 1349124 0.959537572254335
chrX 1442238 1474298 0.855670103092783
chrX 1915031 1948898 0.853211009174312
chrX 2242635 2478398 0.859747545582048
chrX 2634408 2892698 0.80440414507772
chrX 2923620 2988134 0.820652173913043
chrX 3092199 3174710 0.944206008583691
chrX 3285137 3563034 0.736020806241873
chrX 3706228 3821433 0.901369863013699
chrX 3863407 3986143 0.72554347826087
chrX 4027540 4186227 0.872117400419287
chrX 4222536 4298419 0.76271186440678
chrX 4325729 4408807 0.901515151515151
chrX 4460716 4506624 0.834437086092715
chrX 4616147 4792519 0.846003898635478
chrX 4836908 4958442 0.913888888888889
chrX 5228745 5303416 0.753488372093023
chrX 5333407 5395207 0.94915254237288
chrX 5444746 5486743 0.717557251908397
chrX 5532007 5551819 0.857142857142857
chrX 5664933 5750434 0.743494423791822
chrX 5848240 5923548 0.867768595041322
chrX 6007209 6100218 0.92619926199262
chrX 6306026 6393610 0.847533632286996
chrX 6437441 6480917 0.87719298245614
chrX 6780038 6979213 0.768718801996672
chrX 7006848 7131324 0.72054794520548
chrX 7223108 7516229 0.889839572192513
chrX 7642241 7780844 0.819277108433735
chrX 8185246 8283348 0.724590163934426
chrX 8338508 8445644 0.728358208955224
chrX 8802928 8956230 0.760348583877996
chrX 9592854 9957686 0.820855614973262
chrX 10001191 10092686 0.92156862745098
chrX 10378926 10635722 0.757496740547588
chrX 10774321 10983429 0.844645550527903
chrX 11056012 11148096 0.81060606060606
chrX 11400389 11445689 0.910569105691057
chrX 11518430 11571897 0.83941605839416
chrX 11615728 11667584 0.774436090225564
chrX 11800791 11903402 0.945619335347432
chrX 11935485 12352785 0.782745098039216
chrX 12382805 12414023 0.91919191919192
chrX 12660883 12792583 0.905707196029777
chrX 12832192 12981290 0.966029723991507
chrX 13022709 13084214 0.747422680412371
chrX 13116583 13147797 0.828282828282828
chrX 13325083 13496719 0.840077071290944
chrX 13981187 14088922 0.844290657439446
chrX 14151583 14443496 0.866513233601841
chrX 14505617 14707197 0.841166936790924
chrX 14740224 14819997 0.980392156862745
chrX 14860836 14953496 0.789090909090909
chrX 14988334 15177621 0.862809917355372
chrX 15256811 15332996 0.878787878787879
chrX 15492011 15587708 0.891089108910891
chrX 16010436 16105536 0.82200647249191
chrX 16353896 16419601 0.915343915343915
chrX 16601712 16676121 0.815899581589958
chrX 16786234 16828800 0.905797101449275
chrX 17074820 17189734 0.84593837535014
chrX 17219431 17310897 0.88963210702341
chrX 17809496 17976598 0.822975517890772
chrX 18060320 18195935 0.781609195402299
chrX 18305719 18366036 0.994285714285714
chrX 18418814 18451496 0.881188118811881
chrX 18482104 18519924 0.991596638655462
chrX 18563436 18662721 0.915857605177994
chrX 18938396 18977100 0.89908256880734
chrX 19107596 19138803 0.898989898989899
chrX 19667733 19740924 0.78743961352657
chrX 19799999 20044524 0.900161030595813
chrX 20152166 20248154 0.846905537459283
chrX 20406278 20885961 0.887693342299933
chrX 20937879 21172781 0.880159786950732
chrX 21302354 21458991 0.75689223057644
chrX 21960178 22379563 0.926916221033868
