0.000000000000000000e+00 0.000000000000000000e+00
6.938926999999999623e+00 8.202199999999999769e-02
8.742499999999999716e+00 5.185009999999999897e-01
1.000766499999999937e+01 5.978759999999999630e-01
1.101486000000000054e+01 5.155929999999999680e-01
1.186539800000000078e+01 4.961130000000000262e-01
1.260886700000000005e+01 5.538830000000000142e-01
1.327369000000000021e+01 6.283309999999999729e-01
1.387785399999999925e+01 6.400850000000000151e-01
1.443355000000000032e+01 7.075479999999999547e-01
1.494946500000000000e+01 7.287730000000000041e-01
1.543203600000000009e+01 7.125259999999999927e-01
1.588617699999999999e+01 7.177470000000000239e-01
1.631574000000000169e+01 7.395720000000000072e-01
1.672380100000000169e+01 6.810770000000000435e-01
1.711286600000000035e+01 6.764270000000000005e-01
1.748500100000000046e+01 7.002140000000000031e-01
1.784193499999999943e+01 7.057790000000000452e-01
1.818513300000000044e+01 7.138660000000000005e-01
1.851584400000000130e+01 7.362870000000000248e-01
1.883514600000000172e+01 7.466340000000000199e-01
1.914397400000000005e+01 7.236329999999999707e-01
1.944314699999999974e+01 7.270170000000000243e-01
1.973338599999999943e+01 7.299970000000000070e-01
2.001532900000000126e+01 7.322600000000000220e-01
2.028954600000000141e+01 7.521970000000000045e-01
2.055654399999999882e+01 7.539000000000000146e-01
2.081678099999999887e+01 7.569869999999999655e-01
2.107066899999999876e+01 7.604610000000000536e-01
2.131858199999999925e+01 7.656119999999999592e-01
2.156086000000000169e+01 7.688180000000000014e-01
2.179781099999999938e+01 7.716990000000000238e-01
2.202972000000000108e+01 7.737810000000000521e-01
2.225684700000000049e+01 7.755290000000000239e-01
2.247943000000000069e+01 7.769669999999999632e-01
2.269769099999999895e+01 7.783569999999999656e-01
2.291183200000000042e+01 7.866009999999999946e-01
2.312204399999999893e+01 7.904449999999999532e-01
2.332850200000000029e+01 7.945130000000000248e-01
2.353136900000000153e+01 7.975790000000000379e-01
2.373079699999999903e+01 7.995579999999999909e-01
2.392692800000000020e+01 8.003789999999999516e-01
2.411989499999999964e+01 8.005430000000000046e-01
2.430982399999999899e+01 8.005759999999999543e-01
2.449682999999999922e+01 7.995729999999999782e-01
2.468102299999999971e+01 7.969349999999999490e-01
2.486250799999999828e+01 7.991380000000000150e-01
2.504138100000000122e+01 7.954879999999999729e-01
2.521773500000000112e+01 7.894099999999999451e-01
2.539165600000000111e+01 7.340370000000000505e-01
2.556322600000000023e+01 7.326810000000000267e-01
2.573252400000000151e+01 7.320689999999999698e-01
2.589962299999999829e+01 7.321900000000000075e-01
2.606459299999999857e+01 7.324380000000000335e-01
2.622750100000000018e+01 7.325720000000000010e-01
2.638841000000000037e+01 7.335420000000000273e-01
2.654738000000000042e+01 7.356340000000000101e-01
2.670446899999999957e+01 7.391879999999999562e-01
2.685973100000000002e+01 7.442299999999999471e-01
2.701321799999999840e+01 7.501649999999999707e-01
2.716498100000000093e+01 7.578799999999999981e-01
2.731506699999999910e+01 7.667549999999999644e-01
2.746352100000000007e+01 7.769930000000000447e-01
2.761038800000000037e+01 8.004219999999999668e-01
2.775570799999999849e+01 8.064419999999999922e-01
2.789952299999999852e+01 8.117020000000000346e-01
2.804186999999999941e+01 8.124489999999999768e-01
2.818278600000000012e+01 8.032489999999999908e-01
2.832230699999999857e+01 7.257379999999999942e-01
2.846046700000000129e+01 7.036540000000000017e-01
2.859729799999999855e+01 6.992699999999999472e-01
2.873283199999999837e+01 7.025470000000000326e-01
2.886710000000000065e+01 7.092199999999999616e-01
2.900012999999999863e+01 7.177529999999999744e-01
2.913195100000000082e+01 7.284089999999999732e-01
2.926258899999999841e+01 7.404079999999999551e-01
2.939207100000000139e+01 7.741559999999999553e-01
2.952042199999999994e+01 7.854670000000000263e-01
2.964766699999999844e+01 7.945449999999999458e-01
2.977382899999999921e+01 8.019450000000000189e-01
2.989893000000000001e+01 8.084500000000000020e-01
3.002299400000000063e+01 8.193829999999999725e-01
3.014603999999999928e+01 8.271460000000000479e-01
3.026809000000000083e+01 8.334890000000000354e-01
3.038916400000000095e+01 8.383810000000000429e-01
3.050928100000000143e+01 8.222199999999999509e-01
3.062845899999999943e+01 8.246660000000000101e-01
3.074671599999999927e+01 8.325050000000000505e-01
3.086407099999999915e+01 8.375660000000000327e-01
3.098054099999999877e+01 8.444270000000000387e-01
3.109614099999999937e+01 8.736089999999999689e-01
3.121088800000000063e+01 8.836549999999999683e-01
3.132479700000000022e+01 8.920949999999999713e-01
3.143788400000000038e+01 8.973250000000000393e-01
3.155016300000000129e+01 9.354829999999999535e-01
3.166164900000000060e+01 9.391350000000000531e-01
3.177235500000000101e+01 9.463589999999999502e-01
3.188229400000000169e+01 9.612579999999999458e-01
3.199148100000000028e+01 9.843349999999999600e-01
3.209992799999999846e+01 1.010699999999999932e+00
3.220764700000000147e+01 1.033816999999999986e+00
3.231464900000000284e+01 1.048853999999999953e+00
3.242094800000000276e+01 1.053817999999999921e+00
3.252655500000000188e+01 1.048437000000000063e+00
3.263148000000000337e+01 1.034926000000000013e+00
3.273573499999999825e+01 1.022469999999999990e+00
3.283932899999999933e+01 1.034995000000000109e+00
3.294227500000000219e+01 1.089838000000000084e+00
3.304458000000000339e+01 1.161623000000000072e+00
3.314625699999999853e+01 1.216733999999999982e+00
3.324731299999999834e+01 1.247718000000000105e+00
3.334775900000000348e+01 1.254861000000000004e+00
3.344760300000000086e+01 1.239641999999999911e+00
3.354685500000000076e+01 1.204304999999999959e+00
3.364552199999999971e+01 1.152074000000000042e+00
3.374361499999999836e+01 1.087869999999999893e+00
3.384114000000000289e+01 1.017065000000000108e+00
3.393810700000000224e+01 9.436870000000000536e-01
3.403452200000000261e+01 8.687930000000000375e-01
3.413039500000000004e+01 7.905649999999999622e-01
3.422573200000000071e+01 7.068449999999999456e-01
3.432054000000000116e+01 6.162109999999999532e-01
3.441482799999999997e+01 5.182949999999999502e-01
3.450860200000000333e+01 4.133780000000000232e-01
3.460186900000000065e+01 3.025510000000000144e-01
3.469463499999999812e+01 1.903150000000000119e-01
3.478690900000000141e+01 9.096899999999999431e-02
3.487869500000000045e+01 2.676399999999999960e-02
3.497000100000000344e+01 3.449999999999999942e-03
