0.000000000000000000e+00 0.000000000000000000e+00
6.938926999999999623e+00 3.857570000000000165e-01
8.742499999999999716e+00 6.614259999999999584e-01
1.000766499999999937e+01 7.440750000000000419e-01
1.101486000000000054e+01 9.418980000000000130e-01
1.186539800000000078e+01 8.390009999999999968e-01
1.260886700000000005e+01 6.239430000000000254e-01
1.327369000000000021e+01 4.542340000000000266e-01
1.387785399999999925e+01 3.638959999999999972e-01
1.443355000000000032e+01 3.423209999999999864e-01
1.494946500000000000e+01 3.460329999999999795e-01
1.543203600000000009e+01 3.573609999999999842e-01
1.588617699999999999e+01 3.648339999999999916e-01
1.631574000000000169e+01 3.697819999999999996e-01
1.672380100000000169e+01 3.759790000000000076e-01
1.711286600000000035e+01 3.800040000000000084e-01
1.748500100000000046e+01 3.787470000000000003e-01
1.784193499999999943e+01 3.711929999999999952e-01
1.818513300000000044e+01 3.600970000000000004e-01
1.851584400000000130e+01 3.450320000000000054e-01
1.883514600000000172e+01 3.279070000000000040e-01
1.914397400000000005e+01 3.105910000000000060e-01
1.944314699999999974e+01 2.925769999999999760e-01
1.973338599999999943e+01 2.747600000000000042e-01
2.001532900000000126e+01 2.580529999999999768e-01
2.028954600000000141e+01 2.421750000000000014e-01
2.055654399999999882e+01 2.273630000000000095e-01
2.081678099999999887e+01 2.137100000000000111e-01
2.107066899999999876e+01 2.018310000000000104e-01
2.131858199999999925e+01 1.913690000000000113e-01
2.156086000000000169e+01 1.825279999999999958e-01
2.179781099999999938e+01 1.749920000000000087e-01
2.202972000000000108e+01 1.685439999999999994e-01
2.225684700000000049e+01 1.631150000000000100e-01
2.247943000000000069e+01 1.584689999999999988e-01
2.269769099999999895e+01 1.543680000000000052e-01
2.291183200000000042e+01 1.506840000000000124e-01
2.312204399999999893e+01 1.476359999999999895e-01
2.332850200000000029e+01 1.450140000000000040e-01
2.353136900000000153e+01 1.426959999999999895e-01
2.373079699999999903e+01 1.407269999999999910e-01
2.392692800000000020e+01 1.390099999999999947e-01
2.411989499999999964e+01 1.375750000000000028e-01
2.430982399999999899e+01 1.364029999999999965e-01
2.449682999999999922e+01 1.354789999999999883e-01
2.468102299999999971e+01 1.348129999999999884e-01
2.486250799999999828e+01 1.345639999999999892e-01
2.504138100000000122e+01 1.347460000000000047e-01
2.521773500000000112e+01 1.353129999999999888e-01
2.539165600000000111e+01 1.361850000000000005e-01
2.556322600000000023e+01 1.375280000000000113e-01
2.573252400000000151e+01 1.395309999999999884e-01
2.589962299999999829e+01 1.423500000000000043e-01
2.606459299999999857e+01 1.460500000000000131e-01
2.622750100000000018e+01 1.507890000000000064e-01
2.638841000000000037e+01 1.568180000000000129e-01
2.654738000000000042e+01 1.642689999999999984e-01
2.670446899999999957e+01 1.734209999999999918e-01
2.685973100000000002e+01 1.846420000000000006e-01
2.701321799999999840e+01 1.980339999999999878e-01
2.716498100000000093e+01 2.136560000000000126e-01
2.731506699999999910e+01 2.314789999999999903e-01
2.746352100000000007e+01 2.515209999999999946e-01
2.761038800000000037e+01 2.738579999999999903e-01
2.775570799999999849e+01 2.986889999999999823e-01
2.789952299999999852e+01 3.294949999999999823e-01
2.804186999999999941e+01 3.596679999999999877e-01
2.818278600000000012e+01 3.944380000000000108e-01
2.832230699999999857e+01 4.288529999999999842e-01
2.846046700000000129e+01 4.621299999999999852e-01
2.859729799999999855e+01 5.016699999999999493e-01
2.873283199999999837e+01 5.462900000000000533e-01
2.886710000000000065e+01 5.962939999999999907e-01
2.900012999999999863e+01 6.474959999999999605e-01
2.913195100000000082e+01 7.009410000000000363e-01
2.926258899999999841e+01 7.557460000000000289e-01
2.939207100000000139e+01 8.108410000000000339e-01
2.952042199999999994e+01 8.654530000000000278e-01
2.964766699999999844e+01 9.195200000000000040e-01
2.977382899999999921e+01 9.737320000000000420e-01
2.989893000000000001e+01 1.028720999999999997e+00
3.002299400000000063e+01 1.084570999999999952e+00
3.014603999999999928e+01 1.140330999999999984e+00
3.026809000000000083e+01 1.193993000000000082e+00
3.038916400000000095e+01 1.243670999999999971e+00
3.050928100000000143e+01 1.288969000000000031e+00
3.062845899999999943e+01 1.330867000000000022e+00
3.074671599999999927e+01 1.372108000000000105e+00
3.086407099999999915e+01 1.415845000000000020e+00
3.098054099999999877e+01 1.463834000000000080e+00
3.109614099999999937e+01 1.514318000000000053e+00
3.121088800000000063e+01 1.562772000000000050e+00
3.132479700000000022e+01 1.604306999999999928e+00
3.143788400000000038e+01 1.636012999999999940e+00
3.155016300000000129e+01 1.658433000000000046e+00
3.166164900000000060e+01 1.676023000000000041e+00
3.177235500000000101e+01 1.697122999999999937e+00
3.188229400000000169e+01 1.730288000000000048e+00
3.199148100000000028e+01 1.777771999999999908e+00
3.209992799999999846e+01 1.831077999999999983e+00
3.220764700000000147e+01 1.876916999999999947e+00
3.231464900000000284e+01 1.906328000000000022e+00
3.242094800000000276e+01 1.916037999999999908e+00
3.252655500000000188e+01 1.905729999999999924e+00
3.263148000000000337e+01 1.878268000000000049e+00
3.273573499999999825e+01 1.845447999999999977e+00
3.283932899999999933e+01 1.840189000000000075e+00
3.294227500000000219e+01 1.891426999999999969e+00
3.304458000000000339e+01 1.968720999999999943e+00
3.314625699999999853e+01 2.022181999999999924e+00
3.324731299999999834e+01 2.039876000000000023e+00
3.334775900000000348e+01 2.021568999999999949e+00
3.344760300000000086e+01 1.969157999999999964e+00
3.354685500000000076e+01 1.886651000000000078e+00
3.364552199999999971e+01 1.779593999999999898e+00
3.374361499999999836e+01 1.656551000000000107e+00
3.384114000000000289e+01 1.527587000000000028e+00
3.393810700000000224e+01 1.400536000000000003e+00
3.403452200000000261e+01 1.277592000000000061e+00
3.413039500000000004e+01 1.154085000000000027e+00
3.422573200000000071e+01 1.025609999999999911e+00
3.432054000000000116e+01 8.897840000000000193e-01
3.441482799999999997e+01 7.459189999999999987e-01
3.450860200000000333e+01 5.943169999999999842e-01
3.460186900000000065e+01 4.363199999999999856e-01
3.469463499999999812e+01 2.774710000000000232e-01
3.478690900000000141e+01 1.355689999999999951e-01
3.487869500000000045e+01 4.133400000000000268e-02
3.497000100000000344e+01 5.105000000000000163e-03
