0.000000000000000000e+00 0.000000000000000000e+00
6.938926999999999623e+00 2.129010000000000069e-01
8.742499999999999716e+00 5.957099999999999618e-01
1.000766499999999937e+01 8.525760000000000005e-01
1.101486000000000054e+01 1.095261999999999958e+00
1.186539800000000078e+01 1.295662000000000091e+00
1.260886700000000005e+01 1.909982000000000069e+00
1.327369000000000021e+01 2.062247999999999859e+00
1.387785399999999925e+01 2.167429999999999968e+00
1.443355000000000032e+01 2.236438999999999844e+00
1.494946500000000000e+01 2.280753999999999948e+00
1.543203600000000009e+01 2.307856999999999825e+00
1.588617699999999999e+01 2.320469999999999811e+00
1.631574000000000169e+01 2.324644999999999850e+00
1.672380100000000169e+01 2.320898000000000128e+00
1.711286600000000035e+01 2.312701999999999813e+00
1.748500100000000046e+01 2.300081000000000042e+00
1.784193499999999943e+01 2.283015999999999934e+00
1.818513300000000044e+01 2.261169000000000207e+00
1.851584400000000130e+01 2.235600999999999949e+00
1.883514600000000172e+01 2.209604000000000124e+00
1.914397400000000005e+01 2.171462000000000003e+00
1.944314699999999974e+01 2.134533999999999931e+00
1.973338599999999943e+01 2.081869999999999887e+00
2.001532900000000126e+01 2.057345000000000201e+00
2.028954600000000141e+01 2.033930999999999933e+00
2.055654399999999882e+01 2.007425000000000015e+00
2.081678099999999887e+01 1.978099000000000052e+00
2.107066899999999876e+01 1.923056000000000099e+00
2.131858199999999925e+01 1.883645000000000014e+00
2.156086000000000169e+01 1.862945000000000073e+00
2.179781099999999938e+01 1.837298000000000098e+00
2.202972000000000108e+01 1.754566000000000070e+00
2.225684700000000049e+01 1.680846999999999980e+00
2.247943000000000069e+01 1.637099000000000082e+00
2.269769099999999895e+01 1.592964000000000047e+00
2.291183200000000042e+01 1.548605999999999927e+00
2.312204399999999893e+01 1.503413000000000110e+00
2.332850200000000029e+01 1.457448999999999995e+00
2.353136900000000153e+01 1.411237999999999992e+00
2.373079699999999903e+01 1.365301000000000098e+00
2.392692800000000020e+01 1.318372000000000099e+00
2.411989499999999964e+01 1.269274999999999931e+00
2.430982399999999899e+01 1.217985000000000095e+00
2.449682999999999922e+01 1.164328000000000030e+00
2.468102299999999971e+01 1.107774000000000036e+00
2.486250799999999828e+01 1.048839999999999995e+00
2.504138100000000122e+01 9.874469999999999636e-01
2.521773500000000112e+01 9.237940000000000040e-01
2.539165600000000111e+01 8.588719999999999688e-01
2.556322600000000023e+01 7.935320000000000151e-01
2.573252400000000151e+01 7.286350000000000326e-01
2.589962299999999829e+01 6.647870000000000168e-01
2.606459299999999857e+01 6.023429999999999618e-01
2.622750100000000018e+01 5.424179999999999557e-01
2.638841000000000037e+01 4.859089999999999798e-01
2.654738000000000042e+01 4.334749999999999992e-01
2.670446899999999957e+01 3.851459999999999884e-01
2.685973100000000002e+01 3.414440000000000253e-01
2.701321799999999840e+01 3.025390000000000024e-01
2.716498100000000093e+01 2.684599999999999764e-01
2.731506699999999910e+01 2.389989999999999892e-01
2.746352100000000007e+01 2.138829999999999898e-01
2.761038800000000037e+01 1.927449999999999997e-01
2.775570799999999849e+01 1.750690000000000024e-01
2.789952299999999852e+01 1.603040000000000020e-01
2.804186999999999941e+01 1.479189999999999949e-01
2.818278600000000012e+01 1.375079999999999913e-01
2.832230699999999857e+01 1.288100000000000078e-01
2.846046700000000129e+01 1.215939999999999938e-01
2.859729799999999855e+01 1.155950000000000033e-01
2.873283199999999837e+01 1.105290000000000022e-01
2.886710000000000065e+01 1.062059999999999949e-01
2.900012999999999863e+01 1.024800000000000016e-01
2.913195100000000082e+01 9.930500000000000438e-02
2.926258899999999841e+01 9.665899999999999492e-02
2.939207100000000139e+01 9.449699999999999767e-02
2.952042199999999994e+01 9.270000000000000462e-02
2.964766699999999844e+01 9.113400000000000667e-02
2.977382899999999921e+01 8.972600000000000020e-02
2.989893000000000001e+01 8.845300000000000384e-02
3.002299400000000063e+01 8.741899999999999671e-02
3.014603999999999928e+01 8.669399999999999329e-02
3.026809000000000083e+01 8.630300000000000471e-02
3.038916400000000095e+01 8.616100000000000148e-02
3.050928100000000143e+01 8.614099999999999535e-02
3.062845899999999943e+01 8.611900000000000110e-02
3.074671599999999927e+01 8.604499999999999649e-02
3.086407099999999915e+01 8.603099999999999636e-02
3.098054099999999877e+01 8.630599999999999383e-02
3.109614099999999937e+01 8.701299999999999313e-02
3.121088800000000063e+01 8.816599999999999437e-02
3.132479700000000022e+01 8.958599999999999897e-02
3.143788400000000038e+01 9.103799999999999393e-02
3.155016300000000129e+01 9.235999999999999766e-02
3.166164900000000060e+01 9.360499999999999376e-02
3.177235500000000101e+01 9.516199999999999659e-02
3.188229400000000169e+01 9.765400000000000469e-02
3.199148100000000028e+01 1.015830000000000066e-01
3.209992799999999846e+01 1.067840000000000039e-01
3.220764700000000147e+01 1.125670000000000004e-01
3.231464900000000284e+01 1.181630000000000041e-01
3.242094800000000276e+01 1.229829999999999951e-01
3.252655500000000188e+01 1.268219999999999903e-01
3.263148000000000337e+01 1.299190000000000067e-01
3.273573499999999825e+01 1.346719999999999862e-01
3.283932899999999933e+01 1.479850000000000054e-01
3.294227500000000219e+01 1.746280000000000054e-01
3.304458000000000339e+01 2.065500000000000114e-01
3.314625699999999853e+01 2.341229999999999978e-01
3.324731299999999834e+01 2.554569999999999896e-01
3.334775900000000348e+01 2.706370000000000164e-01
3.344760300000000086e+01 2.798749999999999849e-01
3.354685500000000076e+01 2.834450000000000025e-01
3.364552199999999971e+01 2.817470000000000252e-01
3.374361499999999836e+01 2.753630000000000244e-01
3.384114000000000289e+01 2.650370000000000226e-01
3.393810700000000224e+01 2.515519999999999978e-01
3.403452200000000261e+01 2.355359999999999954e-01
3.413039500000000004e+01 2.170910000000000062e-01
3.422573200000000071e+01 1.961779999999999913e-01
3.432054000000000116e+01 1.725919999999999954e-01
3.441482799999999997e+01 1.462569999999999981e-01
3.450860200000000333e+01 1.173270000000000007e-01
3.460186900000000065e+01 8.612000000000000210e-02
3.469463499999999812e+01 5.399600000000000233e-02
3.478690900000000141e+01 2.542099999999999915e-02
3.487869500000000045e+01 7.359000000000000090e-03
3.497000100000000344e+01 9.280000000000000054e-04
